9  
0  33 15 12 0  0  0  0  23
33 0  21 0  27 0  0  0  20
15 21 0  44 0  31 0  0  55
12 0  44 0  0  23 76 0  0
0  27 0  0  0  32 0  53 0
0  0  31 23 32 0  41 16 0
0  0  0  76 0  41 0  35 30
0  0  0  0  53 16 35 0  0
23 20 55 0  0  0  30 0  0